9.971878998132767125e-01
9.971878998132767125e-01
9.916282142211120254e-01
9.794951727482248405e-01
9.620836851073220064e-01
9.413107873847277318e-01
9.166452266905391610e-01
8.856266140483026739e-01
8.486107684778977367e-01
8.105213874190323464e-01
7.712434700848987967e-01
7.276915852628361714e-01
6.842906800464190198e-01
6.369603388916456055e-01
5.880866433378322267e-01
5.412173369351505059e-01
4.930904172420145781e-01
4.480126739042660788e-01
4.051905908814618651e-01
3.645835885986485336e-01
3.227486987763564241e-01
2.813884633897206777e-01
2.452772097068767476e-01
2.134396369525660697e-01
1.841207410965689240e-01
1.560495634784017649e-01
1.304968809498810722e-01
1.094477170974187535e-01
9.030486893981948260e-02
7.372081304508192046e-02
6.027013634074929876e-02
4.822576012478798496e-02
3.845418642753546667e-02
3.052598676134375341e-02
2.436993729717520235e-02
1.979861933729030327e-02
1.628985834309898059e-02
1.365935926460874403e-02
1.172429899200391236e-02
1.045310930735256563e-02
9.758870814681510839e-03
9.317446828819032564e-03
9.051312064960286008e-03
9.057389206971742587e-03
8.900212012271879053e-03
8.959885603546643984e-03
8.786649195682097804e-03
8.669469039863087617e-03
8.478059865081375920e-03
7.974039728040314273e-03
7.762118402913461418e-03
7.168751374561877290e-03
6.726959781443239347e-03
6.232284294809287487e-03
5.463819557102080580e-03
5.069341434946541235e-03
4.436511106000082597e-03
3.990496593836800540e-03
3.467912505969021966e-03
2.991546718060246121e-03
2.743402530448523034e-03
2.341852153983068653e-03
2.099551134402585263e-03
1.863031517342006709e-03
1.679057233303406400e-03
1.570732213290726041e-03
1.387983635600433365e-03
1.297809106815809481e-03
1.192561654899919202e-03
1.103415937028221459e-03
1.029414175129017605e-03
9.107587688340425562e-04
8.358488558113615942e-04
7.387579609258351472e-04
6.511576703386523978e-04
5.612901208672767869e-04
4.731132663289447870e-04
4.129555330713079132e-04
3.422373772638170929e-04
2.938173246791899286e-04
2.661005251952927087e-04
2.532486617550988237e-04
2.612641842985739447e-04
2.864588299754286223e-04
3.266050417712504069e-04
3.949616124268984078e-04
4.688890737904840883e-04
5.435608576090169035e-04
6.386344196332925357e-04
7.435890109326003233e-04
8.463586411538913347e-04
9.381848008869423782e-04
1.003330940885597058e-03
1.062325450648375635e-03
1.137791470168297066e-03
1.190460709220120738e-03
1.186979691736894226e-03
1.214858836609672465e-03
1.191554335944843609e-03
1.162446309984776919e-03
1.132334768954378935e-03
1.058665630821119816e-03
1.030094815260496977e-03
9.356618971195497210e-04
8.737782138403011201e-04
7.848765239023870743e-04
7.000961167030904288e-04
6.581621133099302369e-04
5.766250675842813679e-04
5.087181523544209803e-04
4.607096819562945048e-04
4.095551137407778958e-04
3.707962720299340115e-04
3.256793973333783269e-04
2.993995152800012823e-04
2.802043401917795207e-04
2.570608959903293838e-04
2.355659779395859990e-04
2.227860786946356784e-04
2.067346246462758964e-04
1.983582523370527428e-04
1.833375569054419515e-04
1.720266732618301120e-04
1.674511450136772204e-04
1.517435356584850164e-04
1.471543234349662087e-04
1.369030690371389480e-04
1.332868911642158375e-04
1.360142234789662378e-04
1.318468256668903519e-04
1.406629612873492305e-04
1.434068602736320638e-04
1.623622181718943299e-04
1.792787355590406517e-04
2.044452361239341108e-04
2.399776047617424167e-04
2.475446841816940878e-04
3.102151710777727948e-04
3.354409627680440538e-04
3.787991338362593796e-04
4.384184906298298299e-04
4.321104769876340504e-04
5.039478370968317709e-04
5.030868651879975536e-04
5.510021336067680991e-04
5.652867846692155845e-04
5.642168585739684109e-04
6.022262152196187959e-04
5.604965951424134953e-04
5.798415334195908266e-04
5.543343723373991621e-04
5.469869993069051937e-04
5.333152522692868663e-04
4.747822051279439637e-04
4.677178578734844162e-04
4.303590388004526011e-04
4.015232109782018526e-04
3.675363568378380995e-04
3.223520809018829369e-04
3.102434377991184411e-04
2.655268810805876990e-04
2.488071486719485364e-04
2.141875724985747929e-04
1.922134394466995673e-04
1.833077931067627036e-04
1.520091782733992312e-04
1.463302358507788381e-04
1.253437050996922112e-04
1.178934014596559555e-04
1.107151765345188550e-04
9.575852451112267264e-05
9.367867374569311322e-05
8.531852034935066972e-05
8.130309253507856206e-05
7.840798913108163034e-05
7.330384241394101278e-05
7.492229131224136364e-05
7.276030049240231096e-05
7.478878098839892761e-05
7.797001155213696027e-05
7.975319887887119649e-05
8.590338217761658737e-05
9.052032556486144061e-05
9.788589681457927948e-05
1.075448793887728730e-04
1.124132254822857115e-04
1.247762337842410159e-04
1.343938145394389216e-04
1.405939423440447566e-04
1.549171806825329215e-04
1.595174370521123262e-04
1.685972234144117660e-04
1.758223160823616307e-04
1.753837328057137452e-04
1.843502495789428890e-04
1.822363741867581927e-04
1.861851760102872983e-04
1.852565735709218943e-04
1.824984625146683153e-04
1.779925594204871198e-04
1.718705794299690858e-04
1.643078411362460336e-04
1.555149313277575242e-04
1.457279822166126051e-04
1.351981862772657229e-04
1.241811949244653313e-04
1.129270176342322480e-04
1.016709632386311854e-04
9.062605444931163255e-05
7.997721234498062577e-05
6.987736299826204588e-05
6.044547677728848839e-05
5.176642372230297762e-05
4.389242475728817925e-05
3.684580412108957680e-05
3.062270564701397832e-05
2.519742352981073637e-05
2.052701345904224233e-05
1.655588699779521350e-05
1.322014428368703401e-05
1.045146069856887173e-05
8.180405720026422405e-06
6.339131352463634727e-06
4.863419291288621909e-06
3.694117717217345820e-06
2.778029180481238690e-06
2.068330475770301366e-06
1.524614739656855181e-06
1.112646874548179120e-06
8.039178018054242855e-07
5.750730219282441110e-07
4.072784188598199254e-07
2.855728112964852632e-07
1.982436891838274793e-07
1.362507621640155462e-07
9.271191779786353829e-08
6.245816842090302274e-08
4.165814998543494723e-08
2.750855445503266225e-08
1.798426173529920123e-08
1.164057718474279161e-08
7.459564447011058551e-09
4.732705505185057282e-09
2.972778470330976629e-09
1.848726506879792682e-09
1.138255727869705686e-09
6.938475767727640545e-10
4.187408810789006011e-10
2.501979254356098900e-10
1.480059249448818098e-10
8.668252499969361536e-11
5.026214988022254432e-11
2.885410603433384813e-11
1.639952394023142130e-11
9.228091967284558099e-12
5.141024128315985522e-12
2.835596459402431286e-12
1.548446710749788465e-12
8.371536160385213301e-13
4.480960404106236189e-13
2.374619939881689665e-13
1.245874134195350179e-13
6.471594299902757358e-14
3.328169630497172200e-14
1.694558936238664367e-14
8.542106031966305426e-15
4.263146852534022029e-15
2.106457413150170075e-15
1.030462350347954669e-15
4.990782336570109882e-16
2.393107374940803906e-16
1.136090154323583091e-16
5.339744318229301444e-17
2.484764213999438521e-17
1.144740268280441926e-17
5.221385897900951364e-18
2.357879891781482323e-18
1.054179631892597888e-18
4.666213631789674347e-19
2.044898095767243351e-19
8.872291008842972464e-20
3.811157887035567048e-20
1.620821387916891387e-20
6.824493619139607900e-21
2.844872193357690799e-21
1.174119075366153457e-21
4.797539759037860651e-22
1.940805777977814898e-22
7.773249820932585304e-23
3.082337782318752829e-23
1.210082246132140346e-23
4.703342481824595200e-24
1.809903306998080102e-24
6.895427531189242743e-25
2.600902539313511159e-25
9.712790336188158544e-26
3.591046299229794219e-26
1.314483231165859159e-26
4.763719169485802596e-27
1.709205600198022941e-27
6.071549196150183084e-28
2.135314183237463349e-28
7.435002285228137592e-29
2.563052387976008751e-29
8.747640267350918174e-30
2.955843268702314873e-30
9.888466453133750732e-31
3.275167697962602837e-31
1.073977529120351181e-31
3.486694547163557504e-32
1.120700757794328251e-32
3.566337858160142037e-33
1.123601621357295951e-33
3.504768087979734940e-34
1.082338904973006342e-34
3.309209851183245709e-35
1.001710907171647360e-35
3.002047447045037176e-36
8.907375409241193926e-37
2.616610116137131919e-37
7.610011813360381564e-38
2.191233712424930347e-38
6.246678092275405277e-39
1.763058027980286127e-39
4.926530117890396902e-40
1.362927432394916266e-40
3.733029129716970159e-41
1.012294972504442069e-41
2.717752076616046044e-42
7.223865440346386260e-43
1.901019249021374181e-43
4.952909997762267227e-44
1.277589733586151305e-44
3.262717297986657131e-45
8.249441228481244074e-46
2.065031474471633039e-46
5.117830205122168626e-47
1.255746932856665494e-47
3.050530940005890868e-48
7.336785083502974645e-49
1.747001250855882326e-49
4.118486906274512920e-50
9.612563426466272001e-51
2.221251849536166854e-51
5.081751705837547975e-52
1.151028656108777839e-52
2.581165701372701225e-53
5.730634239505827253e-54
1.259640310212262180e-54
2.741242555784329951e-55
5.906163095204501751e-56
1.259854701585741120e-56
2.660679366452233511e-57
5.563161624226321361e-58
1.151616473000826231e-58
2.360212546584605424e-59
4.789072547807386629e-60
9.620746525617922632e-61
1.913476726621425953e-61
3.767859077032733807e-62
7.345530617886663185e-63
1.417779689638374545e-63
2.709264354304523765e-64
5.125675058380065713e-65
9.600808638012057974e-66
1.780416504194221439e-66
3.268830975182673621e-67
5.941832063629344289e-68
1.069314206023172526e-68
1.905229753912635493e-69
3.360829101816690036e-70
5.869519614061434415e-71
1.014882450044449016e-71
1.737344652830801210e-72
2.944511647312134179e-73
4.940804004998219141e-74
8.208031818953236573e-75
1.350011572990397403e-75
2.198330608483040360e-76
3.544096817180285493e-77
5.656857035953662800e-78
8.939266483334912867e-79
1.398574546673236282e-79
2.166338965211966937e-80
3.322188401849766942e-81
5.044047403001892935e-82
7.582128075143778581e-83
1.128392336842418320e-83
1.662593947865449701e-84
2.425321504894458417e-85
3.502752850064138155e-86
5.008489040702372842e-87
7.090241300753681038e-88
9.937390558271444305e-89
1.378925354136585642e-89
1.894376119727093740e-90
2.576610184105120622e-91
3.469670892836390298e-92
4.625779229800607604e-93
6.105743782798025750e-94
7.979015435820225786e-95
